function colmap = colormap_blue2red
colmap=[         0         0    0.5625
         0    0.0517    0.6002
         0    0.1033    0.6379
         0    0.1550    0.6755
         0    0.2067    0.7132
         0    0.2584    0.7509
         0    0.3100    0.7886
         0    0.3617    0.8263
         0    0.4134    0.8639
         0    0.4651    0.9016
         0    0.5167    0.9393
         0    0.5684    0.9770
    0.0400    0.5916    0.9793
    0.0800    0.6147    0.9816
    0.1200    0.6379    0.9839
    0.1600    0.6611    0.9862
    0.2000    0.6842    0.9885
    0.2400    0.7074    0.9908
    0.2800    0.7305    0.9931
    0.3200    0.7537    0.9954
    0.3600    0.7768    0.9977
    0.4000    0.8000    1.0000
    0.4545    0.8157    0.9975
    0.5091    0.8313    0.9949
    0.5636    0.8470    0.9924
    0.6182    0.8626    0.9899
    0.6727    0.8783    0.9874
    0.7273    0.8939    0.9848
    0.7818    0.9096    0.9823
    0.8364    0.9253    0.9798
    0.8909    0.9409    0.9773
    0.9455    0.9566    0.9747
    1.0000    0.9722    0.9722
    1.0000    0.9150    0.9150
    1.0000    0.8578    0.8578
    1.0000    0.8006    0.8006
    1.0000    0.7433    0.7433
    1.0000    0.6861    0.6861
    1.0000    0.6289    0.6289
    1.0000    0.5717    0.5717
    1.0000    0.5144    0.5144
    1.0000    0.4572    0.4572
    1.0000    0.4000    0.4000
    1.0000    0.3636    0.3636
    1.0000    0.3273    0.3273
    1.0000    0.2909    0.2909
    1.0000    0.2545    0.2545
    1.0000    0.2182    0.2182
    1.0000    0.1818    0.1818
    1.0000    0.1455    0.1455
    1.0000    0.1091    0.1091
    1.0000    0.0727    0.0727
    1.0000    0.0364    0.0364
    1.0000         0         0
    0.9500         0         0
    0.9000         0         0
    0.8500         0         0
    0.8000         0         0
    0.7500         0         0
    0.7000         0         0
    0.6500         0         0
    0.6000         0         0
    0.5500         0         0
    0.5000         0         0 ];
